19 0.85234375 0.684375 0.0421875 0.0796875
10 0.759375 0.6578125 0.03984375 0.07578125
8 0.815625 0.87109375 0.03828125 0.06796875
3 0.7859375 0.8859375 0.040625 0.05703125
7 0.71640625 0.875 0.0390625 0.06640625
1 0.67109375 0.84921875 0.0359375 0.0703125
18 0.5890625 0.8875 0.0375 0.0625
20 0.66875 0.74765625 0.0375 0.0703125
0 0.625 0.65859375 0.0359375 0.07109375
11 0.546875 0.6546875 0.03828125 0.08125
6 0.51171875 0.51015625 0.0359375 0.0703125
2 0.459375 0.63671875 0.03515625 0.07109375
15 0.40625 0.61875 0.03671875 0.0734375
17 0.42578125 0.74609375 0.03828125 0.07421875
9 0.33828125 0.76796875 0.0375 0.07421875
16 0.06015625 0.53046875 0.046875 0.0859375