13 0.91328125 0.56796875 0.0984375 0.221875
8 0.91015625 0.68984375 0.0234375 0.06484375
10 0.9359375 0.89453125 0.0421875 0.0671875
18 0.7828125 0.71328125 0.040625 0.07421875
17 0.9375 0.11484375 0.0421875 0.07890625
3 0.8625 0.24140625 0.04375 0.08515625
19 0.7546875 0.1390625 0.04140625 0.0859375
7 0.5125 0.1015625 0.0390625 0.084375
11 0.3828125 0.45234375 0.03515625 0.08125
15 0.37109375 0.56640625 0.0328125 0.078125
16 0.2984375 0.5828125 0.03515625 0.07734375
9 0.215625 0.6109375 0.03671875 0.07734375
1 0.21640625 0.4765625 0.03515625 0.075
6 0.49375 0.896875 0.03359375 0.06796875
2 0.06953125 0.88671875 0.03984375 0.07109375
0 0.06875 0.115625 0.0375 0.084375