5 0.28046875 0.7171875 0.021875 0.02734375
13 0.21796875 0.79609375 0.134375 0.175
4 0.1359375 0.7859375 0.27109375 0.178125
15 0.6640625 0.50703125 0.03046875 0.06171875
7 0.6890625 0.47421875 0.03359375 0.06328125
19 0.71640625 0.440625 0.03515625 0.06328125
9 0.74296875 0.409375 0.0375 0.06484375
6 0.76875 0.378125 0.0359375 0.06171875
8 0.77109375 0.43515625 0.03359375 0.0625
20 0.74453125 0.46640625 0.03515625 0.0625
0 0.71875 0.4984375 0.0328125 0.0625
10 0.6921875 0.53359375 0.0328125 0.06796875
17 0.71875 0.5578125 0.03046875 0.065625
18 0.74609375 0.5234375 0.034375 0.06015625
16 0.77421875 0.4921875 0.03359375 0.06328125
1 0.778125 0.5515625 0.03515625 0.0609375
2 0.7484375 0.584375 0.03125 0.0703125
11 0.77890625 0.60859375 0.03515625 0.06875
3 0.33125 0.69765625 0.040625 0.07890625