12 0.30625 0.60625 0.35859375 0.7875
4 0.615625 0.8375 0.0328125 0.325
5 0.62109375 0.646875 0.021875 0.06015625
1 0.23984375 0.21171875 0.0390625 0.08203125
2 0.403125 0.23515625 0.04140625 0.08203125
20 0.4296875 0.74453125 0.0234375 0.07421875
0 0.53203125 0.69375 0.0359375 0.0703125
11 0.534375 0.82109375 0.03828125 0.0734375
6 0.5984375 0.8890625 0.03046875 0.0546875
7 0.61171875 0.82109375 0.034375 0.0703125
10 0.78671875 0.88046875 0.040625 0.07109375
18 0.84921875 0.74140625 0.040625 0.078125
17 0.59296875 0.4453125 0.03515625 0.0796875
15 0.63671875 0.44453125 0.03515625 0.078125
9 0.75859375 0.41640625 0.0375 0.08046875
16 0.87734375 0.30234375 0.04296875 0.084375