5 0.80078125 0.4 0.02421875 0.03359375
4 0.90703125 0.3578125 0.18515625 0.103125
13 0.884375 0.36875 0.10078125 0.1625
3 0.7296875 0.421875 0.03828125 0.08203125
15 0.309375 0.49921875 0.03125 0.071875
10 0.27890625 0.46640625 0.0328125 0.06484375
17 0.2515625 0.43671875 0.03203125 0.06640625
2 0.2234375 0.41015625 0.0328125 0.0671875
11 0.196875 0.3859375 0.03359375 0.06953125
1 0.1984375 0.44453125 0.03359375 0.06015625
18 0.22421875 0.46953125 0.03359375 0.06171875
16 0.19765625 0.5 0.0328125 0.06328125
0 0.25390625 0.496875 0.03203125 0.0578125
20 0.22578125 0.52890625 0.03125 0.06484375
19 0.25625 0.5609375 0.0359375 0.07421875
8 0.2 0.55859375 0.0328125 0.06015625
6 0.2 0.61796875 0.03671875 0.06484375
9 0.2296875 0.58984375 0.03671875 0.06875
7 0.2828125 0.528125 0.03671875 0.06953125