12 0.11015625 0.49765625 0.2203125 0.9953125
13 0.3390625 0.496875 0.0875 0.15546875
13 0.2828125 0.9453125 0.1203125 0.10625
3 0.359375 0.49609375 0.01953125 0.05234375
10 0.21953125 0.7734375 0.0390625 0.07421875
8 0.24609375 0.65546875 0.0375 0.06953125
18 0.41171875 0.8875 0.03671875 0.06328125
17 0.5734375 0.7453125 0.0375 0.0734375
6 0.48984375 0.509375 0.0375 0.0765625
9 0.70234375 0.8671875 0.04140625 0.07265625
2 0.93515625 0.8109375 0.0421875 0.0703125
19 0.846875 0.68671875 0.040625 0.08046875
11 0.76328125 0.5859375 0.040625 0.08359375
16 0.92578125 0.57265625 0.040625 0.08046875
7 0.359375 0.15390625 0.0390625 0.0890625
20 0.56328125 0.109375 0.03984375 0.08984375
15 0.69765625 0.29609375 0.0375 0.08203125
0 0.80859375 0.246875 0.034375 0.0796875
1 0.9265625 0.15546875 0.0390625 0.08828125