13 0.084375 0.803125 0.1203125 0.18046875
5 0.26875 0.23828125 0.028125 0.0578125
4 0.159375 0.63359375 0.221875 0.7328125
18 0.1515625 0.74296875 0.0359375 0.07578125
10 0.21484375 0.88203125 0.03828125 0.07265625
9 0.240625 0.41484375 0.0359375 0.075
16 0.1234375 0.30546875 0.04140625 0.08515625
15 0.3625 0.44375 0.03359375 0.07421875
17 0.4078125 0.44609375 0.03671875 0.078125
0 0.4671875 0.6953125 0.034375 0.07265625
7 0.38828125 0.82109375 0.034375 0.0734375
6 0.4 0.8875 0.03515625 0.06484375
11 0.465625 0.821875 0.03671875 0.0765625
20 0.57734375 0.7421875 0.03359375 0.0734375
19 0.67578125 0.8875 0.03671875 0.07734375
8 0.75859375 0.87265625 0.03671875 0.0734375
3 0.6953125 0.5296875 0.0390625 0.08125
2 0.5984375 0.2328125 0.03671875 0.0859375
1 0.7578125 0.2125 0.040625 0.08671875