3 0.696875 0.53046875 0.03984375 0.084375
1 0.75859375 0.2125 0.040625 0.0828125
2 0.59921875 0.234375 0.0375 0.09140625
8 0.759375 0.87109375 0.03671875 0.07109375
19 0.675 0.88359375 0.03828125 0.0640625
20 0.578125 0.740625 0.034375 0.0734375
0 0.4671875 0.69375 0.03671875 0.07109375
11 0.46640625 0.8203125 0.03671875 0.0734375
7 0.38828125 0.82265625 0.0359375 0.07578125
6 0.39921875 0.8875 0.03203125 0.05859375
10 0.2125 0.88046875 0.04140625 0.06953125
18 0.15 0.73984375 0.0375 0.071875
17 0.40703125 0.44453125 0.03515625 0.078125
15 0.3640625 0.4453125 0.03203125 0.08203125
9 0.2421875 0.41484375 0.03671875 0.071875
16 0.12265625 0.30234375 0.040625 0.08515625
5 0.0796875 0.30625 0.021875 0.0296875
4 0.0359375 0.2984375 0.07109375 0.04140625