8 0.81484375 0.86796875 0.0375 0.065625
19 0.73515625 0.8828125 0.03984375 0.06640625
18 0.653125 0.75234375 0.0390625 0.078125
11 0.646875 0.6734375 0.03984375 0.075
0 0.79921875 0.50546875 0.03984375 0.07421875
3 0.7046875 0.52421875 0.03671875 0.08203125
20 0.66640625 0.53671875 0.03828125 0.078125
17 0.56953125 0.4265625 0.0359375 0.0828125
10 0.77890625 0.33984375 0.04375 0.0796875
1 0.76484375 0.221875 0.03671875 0.07578125
7 0.73203125 0.19296875 0.03828125 0.0875
2 0.59765625 0.23203125 0.03828125 0.08125
6 0.4078125 0.31875 0.03203125 0.0796875
16 0.421875 0.17265625 0.0359375 0.0875
15 0.44921875 0.70546875 0.03359375 0.07421875
9 0.41875 0.721875 0.03828125 0.071875