13 0.8484375 0.52109375 0.11796875 0.20625
5 0.72578125 0.51640625 0.01953125 0.03671875
4 0.86796875 0.43046875 0.2640625 0.21953125
20 0.79296875 0.56640625 0.03515625 0.07578125
0 0.721875 0.5984375 0.0375 0.0734375
3 0.67109375 0.54140625 0.03671875 0.0796875
10 0.71953125 0.46953125 0.03828125 0.078125
17 0.75390625 0.325 0.0375 0.078125
1 0.759375 0.2109375 0.0375 0.08046875
2 0.59765625 0.234375 0.0390625 0.084375
11 0.67578125 0.415625 0.0375 0.08046875
18 0.57265625 0.44609375 0.0390625 0.08046875
8 0.75859375 0.871875 0.0359375 0.06875
19 0.675 0.88515625 0.03671875 0.06640625
6 0.39921875 0.8875 0.0375 0.0625
7 0.38671875 0.65078125 0.040625 0.0765625
15 0.3625 0.44296875 0.0375 0.07890625
9 0.25078125 0.48515625 0.0375 0.084375