13 0.08671875 0.56796875 0.0984375 0.221875
8 0.08984375 0.68984375 0.0234375 0.06484375
10 0.0640625 0.89453125 0.0421875 0.0671875
18 0.2171875 0.71328125 0.040625 0.07421875
17 0.0625 0.11484375 0.0421875 0.07890625
3 0.1375 0.24140625 0.04375 0.08515625
19 0.2453125 0.1390625 0.04140625 0.0859375
7 0.4875 0.1015625 0.0390625 0.084375
11 0.6171875 0.45234375 0.03515625 0.08125
15 0.62890625 0.56640625 0.0328125 0.078125
16 0.7015625 0.5828125 0.03515625 0.07734375
9 0.784375 0.6109375 0.03671875 0.07734375
1 0.78359375 0.4765625 0.03515625 0.075
6 0.50625 0.896875 0.03359375 0.06796875
2 0.93046875 0.88671875 0.03984375 0.07109375
0 0.93125 0.115625 0.0375 0.084375