12 0.69375 0.60625 0.35859375 0.7875
4 0.384375 0.8375 0.0328125 0.325
5 0.37890625 0.646875 0.021875 0.06015625
1 0.76015625 0.21171875 0.0390625 0.08203125
2 0.596875 0.23515625 0.04140625 0.08203125
20 0.5703125 0.74453125 0.0234375 0.07421875
0 0.46796875 0.69375 0.0359375 0.0703125
11 0.465625 0.82109375 0.03828125 0.0734375
6 0.4015625 0.8890625 0.03046875 0.0546875
7 0.38828125 0.82109375 0.034375 0.0703125
10 0.21328125 0.88046875 0.040625 0.07109375
18 0.15078125 0.74140625 0.040625 0.078125
17 0.40703125 0.4453125 0.03515625 0.0796875
15 0.36328125 0.44453125 0.03515625 0.078125
9 0.24140625 0.41640625 0.0375 0.08046875
16 0.12265625 0.30234375 0.04296875 0.084375