5 0.85625 0.58515625 0.0234375 0.03046875
13 0.959375 0.57578125 0.08125 0.14296875
4 0.9328125 0.55 0.1328125 0.1125
3 0.75859375 0.540625 0.04140625 0.0796875
15 0.33515625 0.50703125 0.03046875 0.05625
7 0.31015625 0.4734375 0.0328125 0.05703125
19 0.28515625 0.4390625 0.03125 0.0625
9 0.2578125 0.40625 0.03203125 0.059375
6 0.23203125 0.378125 0.03359375 0.06015625
8 0.22890625 0.4359375 0.03671875 0.059375
20 0.25625 0.4671875 0.03125 0.06484375
0 0.28203125 0.49765625 0.0296875 0.05625
10 0.30625 0.534375 0.03359375 0.0625
16 0.22578125 0.49140625 0.0328125 0.0578125
18 0.25390625 0.52421875 0.03203125 0.05859375
17 0.2796875 0.55859375 0.03203125 0.06640625
1 0.22421875 0.5484375 0.03046875 0.05703125
2 0.25078125 0.58359375 0.03046875 0.0671875
11 0.22265625 0.60703125 0.034375 0.06484375