3 0.24140625 0.54296875 0.04375 0.0890625
15 0.71484375 0.5015625 0.03984375 0.0734375
7 0.7421875 0.4671875 0.03515625 0.06484375
19 0.77109375 0.43984375 0.0328125 0.06171875
9 0.7984375 0.415625 0.0328125 0.0640625
6 0.828125 0.3859375 0.034375 0.065625
10 0.7453125 0.53203125 0.03515625 0.06640625
0 0.77265625 0.50234375 0.0359375 0.07109375
20 0.80078125 0.4703125 0.0375 0.05859375
8 0.82734375 0.4390625 0.0390625 0.07109375
18 0.79921875 0.5265625 0.0359375 0.06015625
17 0.77109375 0.56015625 0.0359375 0.0671875
16 0.828125 0.49609375 0.034375 0.07109375
2 0.79921875 0.590625 0.0359375 0.065625
1 0.828125 0.553125 0.03984375 0.07421875
11 0.82890625 0.61640625 0.0375 0.06171875