13 0.98203125 0.80859375 0.0359375 0.15
10 0.78125 0.775 0.03828125 0.0734375
18 0.58828125 0.88828125 0.0375 0.06015625
17 0.4265625 0.746875 0.03515625 0.07421875
9 0.3 0.86484375 0.040625 0.071875
19 0.09921875 0.79921875 0.0375 0.075
2 0.0640625 0.81171875 0.04140625 0.071875
16 0.07421875 0.571875 0.03828125 0.07734375
3 0.659375 0.4859375 0.04140625 0.08125
6 0.5109375 0.51015625 0.0359375 0.07734375
7 0.640625 0.15546875 0.0359375 0.0828125
20 0.4390625 0.11015625 0.03828125 0.0890625
15 0.30234375 0.296875 0.03828125 0.084375
1 0.075 0.15703125 0.03828125 0.090625