6 0.8625 0.6828125 0.03828125 0.07109375
1 0.8421875 0.62578125 0.0375 0.0765625
17 0.76796875 0.6765625 0.0390625 0.075
8 0.76796875 0.7890625 0.0359375 0.0671875
2 0.746875 0.87890625 0.03671875 0.06328125
10 0.7015625 0.8859375 0.03515625 0.0609375
3 0.5328125 0.7609375 0.03515625 0.07265625
0 0.45703125 0.66953125 0.0359375 0.06875
9 0.4171875 0.60546875 0.0359375 0.0734375
11 0.56171875 0.5140625 0.0359375 0.078125
19 0.63984375 0.49296875 0.0359375 0.08046875
16 0.7609375 0.2921875 0.0375 0.0828125
15 0.72109375 0.31484375 0.03515625 0.08046875
18 0.1546875 0.76640625 0.03984375 0.078125
7 0.08125 0.23125 0.0390625 0.09453125