8 0.6734375 0.62421875 0.034375 0.06953125
6 0.6421875 0.61953125 0.034375 0.06953125
10 0.68046875 0.6890625 0.034375 0.0734375
18 0.64765625 0.675 0.0375 0.07265625
3 0.64609375 0.4890625 0.03828125 0.0796875
7 0.50703125 0.47109375 0.0375 0.07421875
17 0.253125 0.796875 0.03515625 0.06875
11 0.271875 0.73359375 0.0359375 0.06953125
9 0.240625 0.74296875 0.0328125 0.06875
19 0.2515625 0.6875 0.03515625 0.06796875
20 0.5015625 0.10078125 0.03984375 0.08828125
0 0.10625 0.109375 0.03515625 0.08359375
1 0.07421875 0.10234375 0.034375 0.0890625
15 0.303125 0.36015625 0.0328125 0.07265625
16 0.27109375 0.3609375 0.03203125 0.078125
2 0.23984375 0.36015625 0.03203125 0.08203125