3 0.2796875 0.23671875 0.0390625 0.09375
5 0.225 0.1953125 0.02265625 0.034375
13 0.1421875 0.2078125 0.12890625 0.17890625
4 0.10390625 0.11640625 0.2078125 0.20703125
15 0.6640625 0.50703125 0.03203125 0.05625
7 0.68984375 0.47265625 0.034375 0.06328125
19 0.71484375 0.440625 0.03125 0.0609375
9 0.7421875 0.41015625 0.02890625 0.06015625
6 0.76875 0.3765625 0.0375 0.0609375
8 0.7703125 0.4375 0.03671875 0.05546875
20 0.74453125 0.46484375 0.03515625 0.05625
0 0.71953125 0.4984375 0.03046875 0.06171875
10 0.6921875 0.53359375 0.0328125 0.06171875
17 0.71953125 0.5578125 0.03125 0.06875
16 0.77421875 0.48984375 0.03515625 0.0578125
18 0.7453125 0.52265625 0.03359375 0.06015625
2 0.74921875 0.5859375 0.03515625 0.075
1 0.77578125 0.5484375 0.03359375 0.0625
11 0.77890625 0.60546875 0.03515625 0.06484375