13 0.1515625 0.52109375 0.11796875 0.20625
5 0.27421875 0.51640625 0.01953125 0.03671875
4 0.13203125 0.43046875 0.2640625 0.21953125
20 0.20703125 0.56640625 0.03515625 0.07578125
0 0.278125 0.5984375 0.0375 0.0734375
3 0.32890625 0.54140625 0.03671875 0.0796875
10 0.28046875 0.46953125 0.03828125 0.078125
17 0.24609375 0.325 0.0375 0.078125
1 0.240625 0.2109375 0.0375 0.08046875
2 0.40234375 0.234375 0.0390625 0.084375
11 0.32421875 0.415625 0.0375 0.08046875
18 0.42734375 0.44609375 0.0390625 0.08046875
8 0.24140625 0.871875 0.0359375 0.06875
19 0.325 0.88515625 0.03671875 0.06640625
6 0.60078125 0.8875 0.0375 0.0625
7 0.61328125 0.65078125 0.040625 0.0765625
15 0.6375 0.44296875 0.0375 0.07890625
9 0.74921875 0.48515625 0.0375 0.084375