12 0.1953125 0.53046875 0.359375 0.9390625
13 0.31953125 0.8796875 0.08515625 0.1109375
5 0.54453125 0.771875 0.0234375 0.0609375
4 0.5125 0.8921875 0.075 0.215625
3 0.55625 0.63203125 0.03828125 0.07578125
6 0.85703125 0.58515625 0.0359375 0.06640625
9 0.828125 0.559375 0.034375 0.06328125
8 0.85859375 0.52265625 0.03203125 0.053125
19 0.8 0.53125 0.03359375 0.0640625
20 0.828125 0.4984375 0.03203125 0.05859375
16 0.85546875 0.4703125 0.03359375 0.06328125
7 0.771875 0.50390625 0.034375 0.07109375
15 0.74453125 0.475 0.0328125 0.06015625
0 0.8 0.471875 0.0328125 0.0609375
10 0.7703125 0.44296875 0.0359375 0.06640625
18 0.8265625 0.4390625 0.03671875 0.06171875
17 0.7984375 0.4125 0.0328125 0.0625
1 0.8546875 0.409375 0.03359375 0.06171875
2 0.82265625 0.3796875 0.0359375 0.0625
11 0.8515625 0.35 0.0359375 0.0625