5 0.14375 0.58515625 0.0234375 0.03046875
13 0.040625 0.57578125 0.08125 0.14296875
4 0.0671875 0.55 0.1328125 0.1125
3 0.24140625 0.540625 0.04140625 0.0796875
15 0.66484375 0.50703125 0.03046875 0.05625
7 0.68984375 0.4734375 0.0328125 0.05703125
19 0.71484375 0.4390625 0.03125 0.0625
9 0.7421875 0.40625 0.03203125 0.059375
6 0.76796875 0.378125 0.03359375 0.06015625
8 0.77109375 0.4359375 0.03671875 0.059375
20 0.74375 0.4671875 0.03125 0.06484375
0 0.71796875 0.49765625 0.0296875 0.05625
10 0.69375 0.534375 0.03359375 0.0625
16 0.77421875 0.49140625 0.0328125 0.0578125
18 0.74609375 0.52421875 0.03203125 0.05859375
17 0.7203125 0.55859375 0.03203125 0.06640625
1 0.77578125 0.5484375 0.03046875 0.05703125
2 0.74921875 0.58359375 0.03046875 0.0671875
11 0.77734375 0.60703125 0.034375 0.06484375